{
  "type": "matrix",
  "labels": [
    "alligator crack",
    "clay-patched crack",
    "crack",
    "manhole",
    "patched alligator crack",
    "patched crack",
    "patched pothole",
    "pothole",
    "puddle",
    "speed bump",
    "street waste"
  ],
  "data": [
    [
      4997,
      0,
      3706,
      1601,
      61,
      346,
      660,
      1115,
      0,
      0,
      13
    ],
    [
      0,
      245,
      244,
      0,
      0,
      0,
      0,
      0,
      0,
      0,
      0
    ],
    [
      3706,
      244,
      23342,
      7282,
      339,
      3531,
      2318,
      3671,
      6,
      10,
      143
    ],
    [
      1601,
      0,
      7282,
      16280,
      558,
      3014,
      2358,
      1980,
      39,
      119,
      359
    ],
    [
      61,
      0,
      339,
      558,
      1468,
      1323,
      331,
      59,
      1,
      3,
      28
    ],
    [
      346,
      0,
      3531,
      3014,
      1323,
      12332,
      1601,
      741,
      5,
      25,
      459
    ],
    [
      660,
      0,
      2318,
      2358,
      331,
      1601,
      5714,
      1123,
      5,
      16,
      121
    ],
    [
      1115,
      0,
      3671,
      1980,
      59,
      741,
      1123,
      6629,
      0,
      0,
      45
    ],
    [
      0,
      0,
      6,
      39,
      1,
      5,
      5,
      0,
      122,
      0,
      0
    ],
    [
      0,
      0,
      10,
      119,
      3,
      25,
      16,
      0,
      0,
      322,
      0
    ],
    [
      13,
      0,
      143,
      359,
      28,
      459,
      121,
      45,
      0,
      0,
      3786
    ]
  ],
  "title": "Co-occurrence Matrix",
  "description": "Cell [i,j] is number of images that contain both classes i and j."
}