{
  "type": "matrix",
  "labels": [
    "alligator crack",
    "clay-patched crack",
    "crack",
    "manhole",
    "patched alligator crack",
    "patched crack",
    "patched pothole",
    "pothole",
    "puddle",
    "speed bump",
    "street waste"
  ],
  "data": [
    [
      5251,
      0,
      3901,
      1678,
      66,
      365,
      684,
      1207,
      66,
      104,
      103
    ],
    [
      0,
      245,
      244,
      0,
      0,
      0,
      0,
      0,
      0,
      0,
      0
    ],
    [
      3901,
      244,
      24993,
      7947,
      359,
      3519,
      2424,
      4211,
      404,
      675,
      781
    ],
    [
      1678,
      0,
      7947,
      17762,
      577,
      3183,
      2499,
      2179,
      327,
      776,
      938
    ],
    [
      66,
      0,
      359,
      577,
      1526,
      1364,
      344,
      60,
      16,
      28,
      48
    ],
    [
      365,
      0,
      3519,
      3183,
      1364,
      12618,
      1687,
      777,
      102,
      214,
      695
    ],
    [
      684,
      0,
      2424,
      2499,
      344,
      1687,
      5998,
      1167,
      56,
      124,
      253
    ],
    [
      1207,
      0,
      4211,
      2179,
      60,
      777,
      1167,
      7445,
      173,
      237,
      236
    ],
    [
      66,
      0,
      404,
      327,
      16,
      102,
      56,
      173,
      1000,
      9,
      45
    ],
    [
      104,
      0,
      675,
      776,
      28,
      214,
      124,
      237,
      9,
      2055,
      46
    ],
    [
      103,
      0,
      781,
      938,
      48,
      695,
      253,
      236,
      45,
      46,
      6163
    ]
  ],
  "title": "Co-occurrence Matrix",
  "description": "Cell [i,j] is number of images that contain both classes i and j."
}